5 TABLAS 

PRIMERA ETAPA
. tab rel_t1_bin

 rel_t1_bin |      Freq.     Percent        Cum.
------------+-----------------------------------
         -5 |        195        0.40        0.40
         -4 |        120        0.25        0.65
         -3 |        193        0.40        1.05
         -2 |        250        0.52        1.57
         -1 |     44,054       91.07       92.64
          0 |        424        0.88       93.52
          1 |        421        0.87       94.39
          2 |        421        0.87       95.26
          3 |        410        0.85       96.11
          4 |        398        0.82       96.93
          5 |        394        0.81       97.74
          6 |        361        0.75       98.49
          7 |        314        0.65       99.14
          8 |        239        0.49       99.63
          9 |        178        0.37      100.00
------------+-----------------------------------
      Total |     48,372      100.00



LABORAL
tab anio fuente_ing, row
           |      fuente_ing
      anio |         1          2 |     Total
-----------+----------------------+----------
      2014 |   137,753     25,690 |   163,443 
           |     84.28      15.72 |    100.00 
-----------+----------------------+----------
      2015 |   142,716     28,837 |   171,553 
           |     83.19      16.81 |    100.00 
-----------+----------------------+----------
      2016 |   146,554     28,881 |   175,435 
           |     83.54      16.46 |    100.00 
-----------+----------------------+----------
      2017 |   142,968     27,406 |   170,374 
           |     83.91      16.09 |    100.00 
-----------+----------------------+----------
      2018 |   139,705     30,279 |   169,984 
           |     82.19      17.81 |    100.00 
-----------+----------------------+----------
      2019 |   132,954     29,649 |   162,603 
           |     81.77      18.23 |    100.00 
-----------+----------------------+----------
      2020 |   123,876     25,674 |   149,550 
           |     82.83      17.17 |    100.00 
-----------+----------------------+----------
      2021 |   144,750     30,391 |   175,141 
           |     82.65      17.35 |    100.00 
-----------+----------------------+----------
      2022 |   150,497     32,805 |   183,302 
           |     82.10      17.90 |    100.00 
-----------+----------------------+----------
      2023 |   137,100     31,023 |   168,123 
           |     81.55      18.45 |    100.00 
-----------+----------------------+----------
      2024 |   125,041     30,136 |   155,177 
           |     80.58      19.42 |    100.00 
-----------+----------------------+----------
     Total | 1,523,914    320,771 | 1,844,685 
           |     82.61      17.39 |    100.00 


tab per_fic_trabaja empleo_formal, row 
per_fic_tr |     empleo_formal
     abaja |         0          1 |     Total
-----------+----------------------+----------
         0 |   872,394    597,571 | 1,469,965 
           |     59.35      40.65 |    100.00 
-----------+----------------------+----------
         1 |   408,688  1,009,890 | 1,418,578 
           |     28.81      71.19 |    100.00 
-----------+----------------------+----------
     Total | 1,281,082  1,607,461 | 2,888,543 
           |     44.35      55.65 |    100.00 


HORAS
tab per_fic_trabaja, m   
/*

per_fic_tra |
       baja |      Freq.     Percent        Cum.
------------+-----------------------------------
          0 |    579,833        6.84        6.84
          1 |  3,423,477       40.36       47.20
          2 |  3,037,438       35.81       83.01
          9 |     47,928        0.57       83.58
          . |  1,392,795       16.42      100.00
------------+-----------------------------------
      Total |  8,481,471      100.00
*/       

tab per_fic_ocupacionactual, m 
/*
per_fic_ocupacionactual	
	1	Patrón o empleador						
	2	Trabajador por cuenta propia						
	3	Empleado u obrero	70%					
	4	Familiar no remunerado	5%					
	5	Servicio doméstico						
	6	Fuerzas armadas y de orden						
*/     


tab per_fic_nobuscotrabajomotivo, m
/*

per_fic_nob |
uscotrabajo |
     motivo |      Freq.     Percent        Cum.
------------+-----------------------------------
          0 |      4,353        0.05        0.05
          1 |    779,976        9.20        9.25
          2 |    952,520       11.23       20.48
          3 |     32,440        0.38       20.86
          4 |     25,727        0.30       21.16
          5 |    692,961        8.17       29.33
          6 |     19,667        0.23       29.57
          7 |        908        0.01       29.58
          8 |      3,744        0.04       29.62
          9 |      6,051        0.07       29.69
         10 |    367,796        4.34       34.03
         99 |    184,854        2.18       36.21
          . |  5,410,474       63.79      100.00
------------+-----------------------------------
      Total |  8,481,471      100.00

	  per_fic_nobuscotrabajomotivo	
	1	Quehaceres del hogar						
	2	No tiene con quien dejar a los niños						
	3	Enfermedad crónica o invalidez						
	4	Cuida a un enfermo crónico o postrado						
	5	Estudiante						
	6	Jubilado/a Pensionado, montepiada						
	7	Rentista						
	8	Se aburrió de buscar						
	9	No tiene interés						
	10	Otra razón						
	99	No aplica						

*/              